==============================================================================================================
TRADE 1 DEEP DIVE: Q5 Momentum — Entry, Hold, Stop, TP from data
==============================================================================================================

══════════════════════════════════════════════════════════════════════════════════════════════════════════════
1. ENTRY — Signal close vs next open
══════════════════════════════════════════════════════════════════════════════════════════════════════════════
  Overnight (close→open): mean=-2.0 bps, WR=51.0%, t=-0.30
  → WAIT FOR OPEN is better by 2.0 bps

══════════════════════════════════════════════════════════════════════════════════════════════════════════════
2. OPTIMAL HOLD — Day-by-day return from entry close
══════════════════════════════════════════════════════════════════════════════════════════════════════════════
    Day     Mean   Median    WR       t   AnnSR
  ─────────────────────────────────────────────
      1     -2.6     +3.1  50.4   -0.24   -0.11
      2    +10.9    +17.0  52.5   +0.77   +0.24
      3    +45.5    +28.7  52.8   +2.15   +0.54
      4    +55.0    +25.9  52.5   +1.82   +0.40 ← PEAK
      5   +102.5    +33.6  52.2   +1.59   +0.31 ← PEAK
      6    +89.9    +30.5  52.2   +2.25   +0.40
      7   +122.2    +45.9  53.5   +1.97   +0.33 ← PEAK
      8   +101.0    +66.2  53.7   +2.16   +0.34
      9    +65.4    +39.1  53.1   +2.04   +0.30
     10    +74.3    +44.8  52.8   +2.12   +0.29
     11    +71.9    +48.3  53.6   +2.06   +0.27
     12    +62.8    +45.3  52.6   +1.63   +0.21
     13    +71.2    +53.0  52.9   +1.79   +0.22
     14    +91.4    +51.4  52.6   +2.16   +0.25
     15   +105.1    +85.8  54.1   +2.44   +0.28
     16   +118.1    +94.7  54.3   +2.75   +0.30
     17   +115.9    +75.9  53.3   +2.59   +0.28
     18   +108.9    +57.3  52.9   +2.47   +0.25
     19   +110.2    +73.8  53.7   +2.41   +0.24
     20   +107.2    +63.6  53.5   +2.27   +0.22

  Peak at day 7: +122.2 bps

══════════════════════════════════════════════════════════════════════════════════════════════════════════════
3. STOP LOSS — Grid (no TP)
══════════════════════════════════════════════════════════════════════════════════════════════════════════════
   Hold   Stop      N    Mean    WR     SR   Worst
  ──────────────────────────────────────────────────
      5   none   1315  +102.5  52.2  +0.31   -5492
      5    -50   1315   +51.0  13.7  +0.83     -50
      5    -75   1315   +48.2  17.7  +0.76     -75
      5   -100   1315   +44.4  21.1  +0.68    -100
      5   -150   1315   +33.5  26.2  +0.48    -150
      5   -200   1315   +28.3  31.2  +0.39    -200
      5   -300   1315   +29.9  38.3  +0.36    -300
      5   -500   1315   +35.2  46.5  +0.37    -500
      7   none   1315  +122.2  53.5  +0.33   -6568
      7    -50   1315   +60.8  11.8  +0.72     -50
      7    -75   1315   +58.6  15.3  +0.67     -75
      7   -100   1315   +54.9  18.2  +0.61    -100
      7   -150   1315   +43.7  23.3  +0.47    -150
      7   -200   1315   +38.5  28.1  +0.39    -200
      7   -300   1315   +44.6  35.3  +0.40    -300
      7   -500   1315   +56.9  44.6  +0.44    -500
     10   none   1315   +74.3  52.8  +0.29   -7085
     10    -50   1315   +54.6   9.6  +0.56     -50
     10    -75   1315   +50.9  12.3  +0.50     -75
     10   -100   1315   +47.2  15.1  +0.45    -100
     10   -150   1315   +34.7  19.8  +0.31    -150
     10   -200   1315   +30.5  24.3  +0.26    -200
     10   -300   1315   +42.9  31.6  +0.30    -300
     10   -500   1315   +52.0  41.5  +0.28    -500
     15   none   1315  +105.1  54.1  +0.28   -7231
     15    -50   1315   +66.5   7.8  +0.35     -50
     15    -75   1315   +60.6  10.0  +0.31     -75
     15   -100   1315   +61.3  12.6  +0.31    -100
     15   -150   1315   +49.6  16.8  +0.24    -150
     15   -200   1315   +47.6  20.8  +0.22    -200
     15   -300   1315   +58.7  27.8  +0.24    -300
     15   -500   1315   +75.6  38.3  +0.26    -500
     20   none   1315  +107.2  53.5  +0.22   -6722
     20    -50   1315   +68.1   6.6  +0.32     -50
     20    -75   1315   +59.5   8.6  +0.28     -75
     20   -100   1315   +58.8  11.0  +0.27    -100
     20   -150   1315   +49.8  15.2  +0.21    -150
     20   -200   1315   +46.9  18.4  +0.19    -200
     20   -300   1315   +54.9  24.9  +0.20    -300
     20   -500   1315   +73.9  34.8  +0.22    -500

══════════════════════════════════════════════════════════════════════════════════════════════════════════════
4. TAKE PROFIT — Grid (no stop)
══════════════════════════════════════════════════════════════════════════════════════════════════════════════
   Hold     TP      N    Mean    WR     SR
  ─────────────────────────────────────────────
      5   none   1315  +102.5  52.2  +0.31
      5    +50   1315   -45.7  86.9  -0.91
      5   +100   1315   -29.6  81.8  -0.53
      5   +150   1315   -16.4  76.0  -0.28
      5   +200   1315   -12.7  70.9  -0.20
      5   +300   1315    +1.0  65.1  +0.01
      5   +500   1315    +2.3  57.4  +0.03
      7   none   1315  +122.2  53.5  +0.33
      7    +50   1315   -38.3  89.5  -0.63
      7   +100   1315   -21.3  84.9  -0.32
      7   +150   1315    -7.2  79.7  -0.10
      7   +200   1315    -2.6  74.9  -0.03
      7   +300   1315    +8.0  68.4  +0.09
      7   +500   1315    +4.1  60.2  +0.04
     10   none   1315   +74.3  52.8  +0.29
     10    +50   1315   -45.4  91.0  -0.55
     10   +100   1315   -22.4  87.5  -0.25
     10   +150   1315    -7.6  83.2  -0.08
     10   +200   1315    -8.6  78.8  -0.08
     10   +300   1315    +3.7  72.4  +0.03
     10   +500   1315    -0.1  63.2  -0.00
     15   none   1315  +105.1  54.1  +0.28
     15    +50   1315   -48.5  92.2  -0.43
     15   +100   1315   -25.9  89.4  -0.21
     15   +150   1315   -11.8  86.0  -0.09
     15   +200   1315   -15.1  82.4  -0.10
     15   +300   1315    -1.1  77.2  -0.01
     15   +500   1315    -3.1  68.4  -0.01
     20   none   1315  +107.2  53.5  +0.22
     20    +50   1315   -52.3  93.2  -0.38
     20   +100   1315   -31.0  90.7  -0.21
     20   +150   1315   -17.0  87.5  -0.11
     20   +200   1315   -20.5  84.1  -0.11
     20   +300   1315    -5.0  78.7  -0.02
     20   +500   1315    -0.9  70.0  -0.00

══════════════════════════════════════════════════════════════════════════════════════════════════════════════
5. COMBINED — Stop × TP × Hold (top 30 by Sharpe)
══════════════════════════════════════════════════════════════════════════════════════════════════════════════
   Hold   Stop     TP      N    Mean    WR     SR   Worst    Total
  ─────────────────────────────────────────────────────────────────
      5    -75   +500   1315   +27.1  21.4  +0.92     -75   +35606
      7    -75   +500   1315   +27.4  20.0  +0.77     -75   +35992
      5    -75   none   1315   +48.2  17.7  +0.76     -75   +63347
      5    -75   +300   1315   +16.2  25.6  +0.73     -75   +21268
      5   -100   +500   1315   +23.5  25.0  +0.73    -100   +30949
      5   -100   none   1315   +44.4  21.1  +0.68    -100   +58421
      7    -75   none   1315   +58.6  15.3  +0.67     -75   +77081
     10    -75   +500   1315   +27.9  19.1  +0.65     -75   +36734
      7   -100   +500   1315   +24.7  23.3  +0.63    -100   +32426
      7   -100   none   1315   +54.9  18.2  +0.61    -100   +72135
      7    -75   +300   1315   +16.0  25.0  +0.60     -75   +21056
     10   -100   +500   1315   +25.7  22.4  +0.54    -100   +33775
     15    -75   +500   1315   +28.6  18.6  +0.54     -75   +37666
     10    -75   +300   1315   +16.1  24.6  +0.50     -75   +21167
     10    -75   none   1315   +50.9  12.3  +0.50     -75   +66862
      5   -100   +300   1315   +12.4  29.7  +0.50    -100   +16336
      5   -150   none   1315   +33.5  26.2  +0.48    -150   +44045
     20    -75   +500   1315   +29.3  18.3  +0.47     -75   +38526
      7   -150   none   1315   +43.7  23.3  +0.47    -150   +57488
     15   -100   +500   1315   +27.2  22.0  +0.46    -100   +35821
     10   -100   none   1315   +47.2  15.1  +0.45    -100   +62079
     15    -75   +300   1315   +16.4  24.6  +0.42     -75   +21574
      7   -100   +300   1315   +12.0  28.7  +0.41    -100   +15836
      7   -300   none   1315   +44.6  35.3  +0.40    -300   +58718
     20   -100   +500   1315   +27.7  21.6  +0.40    -100   +36407
      7   -200   none   1315   +38.5  28.1  +0.39    -200   +50632
      5   -200   none   1315   +28.3  31.2  +0.39    -200   +37256
     20    -75   +300   1315   +16.5  24.4  +0.36     -75   +21700
      5   -300   none   1315   +29.9  38.3  +0.36    -300   +39304
     10   -100   +300   1315   +12.0  28.4  +0.34    -100   +15748

══════════════════════════════════════════════════════════════════════════════════════════════════════════════
6. SIZING — z-score and vol terciles
══════════════════════════════════════════════════════════════════════════════════════════════════════════════

  By Z-score:
  Terc          N       5d      10d  10d SR 10d WR
  ─────────────────────────────────────────────
  low         439    +98.7   +185.6   +0.78   58.8
  mid         438    +27.9     -4.7   -0.03   52.7
  high        438   +181.0    +41.8   +0.13   46.8

  By Realized Vol:
  Terc          N       5d      10d  10d SR 10d WR
  ─────────────────────────────────────────────
  low         439    -12.9    -19.5   -0.18   51.5
  mid         438    +65.5    +93.1   +0.50   55.7
  high        438   +255.2   +149.7   +0.39   51.1

══════════════════════════════════════════════════════════════════════════════════════════════════════════════
7. HOLDOUT (2023-2026) — Top validate combos
══════════════════════════════════════════════════════════════════════════════════════════════════════════════
   Hold   Stop     TP  ValSR |  HoldSR  HoldMean  HoldWR     N   Worst
  ───────────────────────────────────────────────────────────────────────────
      5    -75   +500  +0.92 |   +1.00     +29.1    22.6  1581     -75

  Best combo year-by-year on HOLDOUT:
    2023: N= 504, mean=  +26.7, WR=22%, SR=+0.92, worst=-75
    2024: N= 477, mean=  +39.4, WR=26%, SR=+1.31, worst=-75
    2025: N= 497, mean=  +23.0, WR=21%, SR=+0.81, worst=-75
    2026: N= 103, mean=  +23.1, WR=19%, SR=+0.79, worst=-75
      7    -75   +500  +0.77 |   +0.88     +31.1    21.7  1581     -75
      5    -75   none  +0.76 |   +0.90     +52.4    19.3  1580     -75
      5    -75   +300  +0.73 |   +0.81     +18.2    26.5  1581     -75
      5   -100   +500  +0.73 |   +0.82     +25.9    26.8  1581    -100
      5   -100   none  +0.68 |   +0.82     +49.3    23.4  1580    -100
      7    -75   none  +0.67 |   +0.75     +52.7    17.3  1580     -75
     10    -75   +500  +0.65 |   +0.72     +31.2    20.1  1581     -75
      7   -100   +500  +0.63 |   +0.75     +29.0    25.8  1581    -100
      7   -100   none  +0.61 |   +0.69     +50.3    21.0  1580    -100

  BASELINE (no stop, no TP, 10d hold) on HOLDOUT:
    N=1574, mean=+91.2, WR=53.3%, SR=0.45, worst=-3804.0

══════════════════════════════════════════════════════════════════════════════════════════════════════════════